102730349
442362482
324554388
288276371
23241485
174661981
9031613
109658604
8938827
12473522
33077792
20711282
10846388
75441595
34972125
485846385
203896776
481022297
65247285
34510099
329035592
2076517
481034
177375996
36016785
88824162
16530856
330433155
23360554
156783758
99478147
282191446
205218886
379106915
3110765
3912073
392503223
359167625
225929245
50141680
152876057
11648921
15278567
123260161
358563316
35798099
88558536
5105654
33250929
77981537
491367358
489723596
66874103
92717507
39302881
322319801
362813101
25631521
18713687
9963657
80692320
94646554
38153311
282511187
55729280
369077058
11222716
37371137
88927883
155551185
2173196
10437266
4454832
64950340
155863179
452196256
172999225
451002401
69755576
189836437
541637498
335847093
32132258
608496
442805881
5497157
14334119
93772447
19046769
226446
2387786
386329228
14689964
302225433
683694
296082676
3227391
136868742
548599
385174276
104739
296035222
284155478
91515578
438349240
15676654
