443147088
283157199
374860200
294901561
400888367
22649435
189030857
284186543
35551187
249487163
282977823
2284456
8209323
519460303
82399064
21691793
3765479
94035435
434919997
22079547
39096284
356437522
15005455
29062253
500550770
282799733
3022881
6098066
108137736
503539640
427368853
89244768
35698830
372705434
1560924
311570993
7846743
8734221
25382793
89648671
295287586
4852271
79007497
516370252
248887404
111152808
7360511
441441037
8219975
7396675
384534115
803784
173828852
319885487
15368399
393802208
22963890
13779891
2463040
169979715
21481324
808244
5928992
300048398
8178770
62419099
123387598
38481100
402839237
434033480
216435094
12380503
33884296
2307662
353547268
47154694
2067086
20940886
22924539
353807218
83200903
1498341
34506118
29668643
27941710
291424504
20620844
10452810
4567171
486019
279027368
343905559
25279028
437874372
478487945
319003215
525536107
385853293
417991973
445561066
170113420
15786749
365186019
438297026
86239081
302547680
293762284
511901887
351503494
446205166
511393270
503836901
350664575
384758276
504612945
291393498
448200013
8232530
382569104
31047240
477453297
416297941
45042083
230504036
25412284
362820535
90166209
186626115
3783080
68377663
24787473
457681284
107666823
308627959
176973940
178783215
431302269
52744020
107979913
326952090
327591276
443835559
170927362
7532208
36336683
9398633
343476030
422629984
306093
9646326
22274391
22922229
13994511
404660901
86951153
516301708
39362419
430027532
4356327
768928
7757428
163499
44927036
470210865
244764068
3394862
490571250
284913053
23283555
233219
396847223
11363410
8992350
37666424
95840156
355237427
11622669
84446391
318404345
356127518
28138097
169521582
357688087
471250609
354125596
182884454
72233378
36027535
94007405
318606186
95935696
534989527
347741059
393269779
171444083
523425064
182779348
47155447
30685789
95714209
33204324
87054350
70827058
199152384
252080324
2970059
526914981
161290906
12299345
10573861
438204820
487660136
363942
35536228
172513606
351861060
480510393
46912826
50071761
179221167
178368822
35644357
471267002
30776573
8374271
68386738
104208282
541545871
199243483
496954772
196631892
353906976
442034053
35350738
66401968
106361332
139002616
79943128
245024832
37296672
253821947
167241158
300965408
443104953
437085121
37931302
36494086
81816919
523415785
488959784
295005931
434353690
108155699
40764180
372305138
298758463
150114747
19224821
280481
56737647
728764
387462
355619311
441130088
102722135
299525390
89064597
9165126
37997117
479843852
230263702
384697000
400216561
403328093
34394509
8824336
73943847
29107531
449654571
51411863
13178151
12384444
38411674
22776444
89303020
252057046
398640136
330007823
350346785
23042013
83506237
388488914
484794095
24870623
269850390
8380704
101588077
474720338
211205785
133259307
169905494
241714435
25295370
484013668
397296
399861511
621213
67442003
178987292
50043513
34238777
96040629
91685825
451032458
403758622
241273352
384603264
351975302
97385564
27135615
23629661
438377122
305217064
38585357
343185191
179752163
202064616
5951707
338783787
24678539
421822415
398979156
419295830
167229305
32802734
390291415
95074646
504468602
470011377
86571210
234089015
3356002
40711837
480731
355184255
274755686
496506533
71505627
243736685
28667371
395857646
1563603
214359978
290451287
286180654
251818996
225090843
475154870
332845895
182615958
44548646
23341480
12684833
156003132
515621021
358616992
479375233
101343416
387823640
2197279
49727676
413640979
78968882
55861264
241267275
348049329
57488281
81136690
511901223
39831580
5041443
47381212
147064196
483254678
258521937
358533466
8771875
30837187
79361717
520678238
23951290
384149890
50100105
5350177
379716291
57037080
54770471
196673989
344443179
392491343
5110501
24834388
244100189
101661649
2932835
31611555
106187594
97532064
201134157
552838
2157966
207039613
20322652
39502928
24955335
319159
535632135
7032566
27654694
131350211
768268
507108830
17202844
204898296
34640666
289082010
23507399
29126830
30757409
489513034
52212209
305524537
271981083
192023954
385009624
65345871
49460998
12171563
39753032
289802855
807208
20038983
337076664
39075154
27444580
127265681
233065874
66680446
156593997
316963154
175016948
2147158
11529314
52501119
12483300
72323652
335847590
86713495
202319342
344128455
19119765
47528
24347161
34614946
8384394
503207794
8056283
73010840
393396916
503591433
15092898
436484537
85925737
329990172
23731559
14662840
206068286
2130561
397603948
10825772
114641688
10827169
355525490
18214
44932089
412541406
190097631
399816356
81567594
266722794
25487067
386728630
16987693
330920984
124682940
2140861
470801488
13956361
32630617
284605695
14000463
3222599
31991649
495508543
228637
442485626
165440846
1390151
432488021
380891635
244334193
393098953
27361613
181761521
26314826
86361438
300014950
11283007
37593834
225718834
148171489
393774138
392358094
88936852
11615789
282453735
350278884
152370116
84904564
147192037
12343920
165662970
51688817
171631141
23724734
17592412
22685196
501446221
393950725
21092529
392725997
300068783
8481815
98532876
455433
286699726
482223886
35599662
25028315
471593457
51468944
22426616
13710789
11621060
44248377
140554693
91539809
391433956
4793235
34882073
50473657
227466747
3090718
65935401
15136499
20228958
19829606
383328227
43381736
901109
503212971
351570197
88819762
291863329
164116649
61596157
178143898
13481524
10786788
525653166
19100452
30928127
2378867
522753076
2680654
266666993
21710373
189145082
330507943
313068357
390180542
81028805
350955005
99948694
151217080
112461456
275346263
266621672
455556718
104364719
110493747
443515433
22910469
394086837
400998312
187969541
23285440
319722620
329960335
412366687
224965103
8030188
35811492
45471244
39344660
295557329
231183652
426969849
164919287
349455465
233662401
163980298
178959148
478634220
11927601
96278984
270325639
386758
266672435
99080526
89295381
12471409
8494185
168997466
31797042
432141237
184639024
141464052
156860380
436382372
506221735
39106161
392623539
70909095
34362394
79412126
141266664
283436472
73390733
399090788
3242298
6661012
12344667
23112523
108632981
388149265
698894
174620235
152370919
384257279
446332224
1673981
457107286
256415732
4084866
336723848
4644026
273303045
494796333
6217319
436716463
268997204
13669372
37158507
395647803
284403189
115097522
84220455
508031943
291360669
295922212
109302429
176005638
17920824
40734018
131444782
291012490
244751700
1284044
350348
236246708
3255218
73423664
68010785
252115899
339224955
279680191
362260248
87649280
37234231
323169780
506931628
207212386
30287913
374753441
29605595
191041913
323403023
77006985
320037350
37520954
326336488
378900016
505187254
290799463
107329857
11418323
399640771
505548417
137868167
22189356
255478384
446733
34842703
7475192
180313742
187395416
49385846
6036960
399318205
446294001
33486761
188454011
35999570
438049719
26299290
269508093
49981668
34514561
171539128
237283732
25308626
258021645
160188556
176261759
4796748
101121619
471444462
14326156
6601753
82668316
391684135
123965089
4085214
36818454
10106231
32898542
170644802
400657314
495291475
32321653
515210741
18725731
322381045
33451913
515513365
156132732
175809313
243881263
67972599
397651221
19129468
142962830
35213210
501604980
35270618
432765966
261483640
467190
177929775
10517285
14853533
387655809
341588379
21808711
46874059
52664781
394039409
100790168
14601283
179102073
170307845
91534312
253063298
398712818
7647855
348690250
312796232
32842407
170060200
104528482
20575052
425637480
361525344
18266395
1861850
517570612
7237881
439542464
9194852
13007582
9862316
13506128
326533876
193994934
30191298
294603748
440087036
94597019
22434927
13061646
20289994
245038889
11364607
287947629
358902956
382245235
432486478
293989208
11996640
506957865
28077399
481235438
351349986
38041816
13183393
356418955
826118
72637804
72511465
202472079
36056630
89130641
300474
387440156
168055974
13909761
292042870
36485133
17469115
3851774
77604885
523281836
8804871
13734738
290605
52693630
5283622
291388722
2400485
11542969
100767383
514717431
2638244
96838128
30532210
434509362
333541433
4613957
35914698
55895929
15390029
15569006
383458037
82529136
347885307
413129574
110937606
167340842
5412253
22807927
30654114
19288715
23820136
8053283
435842572
5454985
272492441
275536363
29140567
367214652
346336806
402629694
386308065
1461155
60504800
85199377
3737918
9570286
31635528
255227128
32680052
37097911
496147658
38071713
391650333
70870886
22776042
8090657
12385555
3511562
33756915
2474312
287136565
39422293
365808316
102616339
19413232
13555172
241180436
17547560
228257308
318956761
523128
252981700
70893875
384628196
341073524
290850838
2280308
50301749
382758486
23126394
332760016
62944568
5587307
15387827
44662721
214664670
15007026
24178905
27445486
179666939
22902249
28716176
322232337
37337535
1895039
87441756
88033646
1568115
6894467
5345965
142268519
36872158
275209106
43792348
89250560
8552261
280112197
29521631
87706620
176904719
321803480
360616844
400884740
471033647
29517167
290779155
408061808
245013630
112407603
36706506
71309533
12511557
327587608
287110321
319253131
40734
164013642
4686261
88690875
177762376
43844758
509012
13071999
448833388
51777342
108539437
104966883
93901038
353042505
385991870
33122105
399463444
22158616
497508098
27189099
110898337
1453170
344124385
295677243
367523600
198702229
2127325
38745635
438937075
179019905
403530962
227599012
321471502
380946795
38922011
11917433
175520418
241786463
198396714
106793770
38324803
12344161
275554303
72823886
483469134
331386134
357106008
275990409
220346546
363118415
54181430
284853024
351843006
386456804
269260395
478567626
152592659
213580078
435865384
37703380
56669996
183866253
2308102
38306295
351421663
19671590
340793707
25205763
272850215
123318826
97313911
131457683
162710494
479925
177919354
472323767
39483735
121986614
360800547
94880437
272530244
19197392
35912260
389502964
299982950
3727466
98200302
13213853
254709902
30721850
480128719
85528350
380892896
32785139
454325223
224724937
259814
493690102
33619974
8201212
20573673
112972265
439659880
448853240
351679871
28849149
7662312
178179399
389234747
24830216
13730160
328063419
22195406
381762387
455233859
185415610
17530647
11254795
429952840
179610985
355494823
13293237
401480259
285926410
248625961
301165129
289542622
253506518
441917673
446073131
176775845
106605792
242636544
84046022
347452796
8034667
202525321
173516669
400158917
34922359
266637613
403529804
9152257
255709350
224586236
286049382
345825247
413282989
301972833
256859266
34425968
12773695
22942981
144904315
178017370
21062804
17027854
12536749
178633180
524929013
321459982
CielNoIon
